682.415,1,662
683.694,1,715
684.972,1,725
686.250,1,733
687.528,1,751
688.806,1,762
690.083,1,780
691.360,1,767
692.637,1,752
693.913,1,752
695.190,1,731
696.466,1,722
697.741,1,727
699.016,1,716
700.291,1,709
701.566,1,691
702.841,1,713
704.115,1,696
705.389,1,668
706.662,1,675
707.935,1,658
709.208,1,645
710.481,1,658
711.753,1,656
713.025,1,653
714.297,1,675
715.569,1,683
716.840,1,690
718.111,1,707
719.382,1,710
720.652,1,709
721.922,1,710
723.192,1,704
724.461,1,693
725.730,1,695
726.999,1,681
728.268,1,674
729.536,1,689
730.804,1,692
732.072,1,684
733.339,1,684
734.606,1,696
735.873,1,686
737.140,1,680
738.406,1,682
739.672,1,658
740.938,1,662
742.203,1,656
743.468,1,661
744.733,1,648
745.998,1,633
747.262,1,635
748.526,1,635
749.790,1,636
751.053,1,643
752.316,1,655
753.579,1,651
754.841,1,646
756.104,1,661
757.365,1,667
758.627,1,677
759.888,1,692
761.150,1,691
762.410,1,694
763.671,1,708
764.931,1,706
766.191,1,709
767.451,1,705
768.710,1,691
769.969,1,690
771.228,1,666
772.486,1,678
773.744,1,658
775.002,1,660
776.260,1,662
777.517,1,648
778.774,1,629
780.031,1,641
781.288,1,638
782.544,1,640
783.800,1,651
785.055,1,652
786.311,1,666
787.566,1,680
788.820,1,671
790.075,1,664
791.329,1,672
792.583,1,685
793.836,1,681
795.090,1,672
796.343,1,677
797.595,1,683
798.848,1,676
800.100,1,675
801.352,1,677
802.604,1,663
803.855,1,680
805.106,1,684
806.357,1,691
807.607,1,676
808.857,1,685
810.107,1,685
811.357,1,680
812.606,1,692
813.855,1,678
815.104,1,678
816.352,1,684
817.601,1,679
818.848,1,683
820.096,1,672
821.343,1,674
822.590,1,666
823.837,1,660
825.084,1,658
826.330,1,647
827.576,1,644
828.821,1,666
830.067,1,667
831.312,1,664
832.556,1,668
833.801,1,666
835.045,1,670
836.289,1,662
837.533,1,665
838.776,1,653
840.019,1,651
841.262,1,640
842.504,1,659
843.747,1,664
844.989,1,652
846.230,1,660
847.472,1,666
848.713,1,675
849.953,1,699
851.194,1,674
852.434,1,692
853.674,1,688
854.914,1,694
856.153,1,697
857.392,1,684
858.631,1,691
859.870,1,690
861.108,1,683
862.346,1,682
863.584,1,671
864.821,1,688
866.058,1,669
867.295,1,659
868.532,1,665
869.768,1,670
871.004,1,649
872.240,1,670
873.475,1,672
874.710,1,661
875.945,1,667
877.180,1,676
878.414,1,663
879.648,1,657
880.882,1,659
882.115,1,661
883.349,1,672
884.581,1,682
885.814,1,661
887.046,1,667
888.279,1,675
889.510,1,684
890.742,1,687
891.973,1,705
893.204,1,682
894.435,1,682
895.665,1,700
896.895,1,723
898.125,1,708
899.355,1,748
900.584,1,748
901.813,1,752
903.042,1,741
904.270,1,732
905.498,1,728
906.726,1,733
907.954,1,692
909.181,1,681
910.408,1,661
911.635,1,642
912.861,1,635
914.088,1,645
915.314,1,631
916.539,1,631
917.765,1,638
918.990,1,639
920.215,1,640
921.439,1,646
922.663,1,637
923.887,1,647
925.111,1,656
926.335,1,659
927.558,1,653
928.781,1,632
930.003,1,638
931.225,1,639
932.448,1,645
933.669,1,637
934.891,1,623
936.112,1,629
937.333,1,632
938.554,1,646
939.774,1,639
940.994,1,648
942.214,1,656
943.433,1,653
944.653,1,660
945.872,1,653
947.090,1,659
948.309,1,654
949.527,1,646
950.745,1,664
951.963,1,654
953.180,1,647
954.397,1,662
955.614,1,644
956.830,1,646
958.047,1,639
959.263,1,643
960.478,1,637
961.694,1,655
962.909,1,642
964.124,1,653
965.338,1,657
966.553,1,653
967.767,1,642
968.980,1,648
970.194,1,657
971.407,1,651
972.620,1,651
973.833,1,654
975.045,1,650
976.257,1,655
977.469,1,661
978.681,1,652
979.892,1,661
981.103,1,648
982.314,1,656
983.524,1,653
984.734,1,656
985.944,1,659
987.154,1,646
988.363,1,664
989.572,1,660
990.781,1,664
991.990,1,668
993.198,1,658
994.406,1,652
995.614,1,666
996.821,1,664
998.028,1,670
999.235,1,671
1000.442,1,665
1001.648,1,672
1002.854,1,666
1004.060,1,666
1005.266,1,658
1006.471,1,658
1007.676,1,642
1008.881,1,659
1010.085,1,657
1011.289,1,660
1012.493,1,656
1013.697,1,652
1014.900,1,658
1016.103,1,655
1017.306,1,655
1018.509,1,658
1019.711,1,650
1020.913,1,644
1022.115,1,641
1023.316,1,651
1024.517,1,647
1025.718,1,661
1026.919,1,653
1028.119,1,657
1029.320,1,653
1030.519,1,653
1031.719,1,665
1032.918,1,652
1034.117,1,658
1035.316,1,646
1036.514,1,639
1037.713,1,639
1038.911,1,635
1040.108,1,634
1041.306,1,632
1042.503,1,636
1043.700,1,637
1044.896,1,650
1046.093,1,648
1047.289,1,651
1048.484,1,659
1049.680,1,665
1050.875,1,657
1052.070,1,665
1053.265,1,664
1054.459,1,666
1055.653,1,662
1056.847,1,664
1058.041,1,643
1059.234,1,658
1060.427,1,649
1061.620,1,657
1062.813,1,647
1064.005,1,639
1065.197,1,637
1066.389,1,636
1067.580,1,643
1068.771,1,635
1069.962,1,627
1071.153,1,627
1072.343,1,642
1073.534,1,640
1074.723,1,647
1075.913,1,643
1077.102,1,642
1078.291,1,640
1079.480,1,650
1080.669,1,632
1081.857,1,628
1083.045,1,636
1084.233,1,633
1085.420,1,630
1086.607,1,631
1087.794,1,634
1088.981,1,635
1090.167,1,628
1091.353,1,636
1092.539,1,628
1093.725,1,636
1094.910,1,618
1096.095,1,631
1097.280,1,633
1098.464,1,640
1099.649,1,638
1100.833,1,637
1102.016,1,642
1103.200,1,632
1104.383,1,631
1105.566,1,643
1106.748,1,660
1107.931,1,657
1109.113,1,670
1110.295,1,664
1111.476,1,661
1112.658,1,663
1113.839,1,662
1115.019,1,671
1116.200,1,665
1117.380,1,660
1118.560,1,652
1119.740,1,651
1120.919,1,646
1122.099,1,646
1123.277,1,654
1124.456,1,628
1125.635,1,629
1126.813,1,630
1127.991,1,627
1129.168,1,629
1130.345,1,636
1131.522,1,636
1132.699,1,632
1133.876,1,626
1135.052,1,625
1136.228,1,629
1137.404,1,621
1138.579,1,628
1139.755,1,624
1140.929,1,636
1142.104,1,620
1143.279,1,630
1144.453,1,631
1145.627,1,625
1146.800,1,631
1147.974,1,632
1149.147,1,631
1150.320,1,626
1151.492,1,620
1152.664,1,617
1153.836,1,617
1155.008,1,620
1156.180,1,625
1157.351,1,623
1158.522,1,632
1159.693,1,626
1160.863,1,633
1162.033,1,620
1163.203,1,633
1164.373,1,625
1165.542,1,618
1166.712,1,621
1167.881,1,627
1169.049,1,630
1170.218,1,628
1171.386,1,615
1172.553,1,615
1173.721,1,607
1174.888,1,611
1176.055,1,610
1177.222,1,619
1178.389,1,612
1179.555,1,614
1180.721,1,619
1181.887,1,623
1183.052,1,619
1184.217,1,629
1185.382,1,638
1186.547,1,628
1187.712,1,622
1188.876,1,619
1190.040,1,625
1191.203,1,623
1192.367,1,617
1193.530,1,622
1194.693,1,624
1195.855,1,619
1197.018,1,622
1198.180,1,639
1199.342,1,640
1200.503,1,638
1201.664,1,650
1202.826,1,637
1203.986,1,640
1205.147,1,638
1206.307,1,631
1207.467,1,627
1208.627,1,624
1209.786,1,630
1210.946,1,627
1212.105,1,631
1213.263,1,636
1214.422,1,626
1215.580,1,639
1216.738,1,634
1217.895,1,634
1219.053,1,637
1220.210,1,628
1221.367,1,633
1222.524,1,636
1223.680,1,631
1224.836,1,633
1225.992,1,629
1227.147,1,639
1228.303,1,636
1229.458,1,634
1230.613,1,624
1231.767,1,636
1232.922,1,630
1234.076,1,631
1235.229,1,637
1236.383,1,631
1237.536,1,625
1238.689,1,634
1239.842,1,640
1240.994,1,629
1242.147,1,637
1243.299,1,632
1244.450,1,640
1245.602,1,642
1246.753,1,633
1247.904,1,643
1249.055,1,634
1250.205,1,631
1251.355,1,630
1252.505,1,629
1253.655,1,630
1254.804,1,634
1255.953,1,634
1257.102,1,631
1258.251,1,642
1259.399,1,641
1260.547,1,639
1261.695,1,631
1262.843,1,635
1263.990,1,632
1265.137,1,631
1266.284,1,628
1267.431,1,624
1268.577,1,635
1269.723,1,634
1270.869,1,633
1272.014,1,635
1273.160,1,637
1274.305,1,637
1275.450,1,631
1276.594,1,640
1277.738,1,640
1278.882,1,634
1280.026,1,634
1281.170,1,634
1282.313,1,634
1283.456,1,637
1284.599,1,637
1285.741,1,627
1286.883,1,637
1288.025,1,648
1289.167,1,644
1290.308,1,642
1291.450,1,644
1292.591,1,653
1293.731,1,642
1294.872,1,640
1296.012,1,646
1297.152,1,635
1298.292,1,624
1299.431,1,617
1300.570,1,626
1301.709,1,618
1302.848,1,619
1303.986,1,623
1305.124,1,632
1306.262,1,632
1307.400,1,640
1308.537,1,631
1309.674,1,635
1310.811,1,649
1311.948,1,655
1313.084,1,660
1314.220,1,666
1315.356,1,670
1316.492,1,687
1317.627,1,698
1318.762,1,724
1319.897,1,748
1321.032,1,791
1322.166,1,836
1323.300,1,901
1324.434,1,981
1325.568,1,1067
1326.701,1,1161
1327.834,1,1240
1328.967,1,1350
1330.099,1,1425
1331.232,1,1485
1332.364,1,1547
1333.496,1,1575
1334.627,1,1592
1335.758,1,1601
1336.890,1,1603
1338.020,1,1612
1339.151,1,1628
1340.281,1,1643
1341.411,1,1712
1342.541,1,1794
1343.671,1,1920
1344.800,1,2062
1345.929,1,2196
1347.058,1,2345
1348.186,1,2645
1349.315,1,2973
1350.443,1,3216
1351.570,1,3276
1352.698,1,3215
1353.825,1,3109
1354.952,1,2898
1356.079,1,2882
1357.206,1,2490
1358.332,1,2135
1359.458,1,1820
1360.584,1,1514
1361.709,1,1429
1362.834,1,1412
1363.959,1,1402
1365.084,1,1377
1366.209,1,1361
1367.333,1,1346
1368.457,1,1345
1369.581,1,1344
1370.704,1,1330
1371.828,1,1310
1372.951,1,1312
1374.073,1,1292
1375.196,1,1271
1376.318,1,1273
1377.440,1,1256
1378.562,1,1235
1379.684,1,1233
1380.805,1,1217
1381.926,1,1216
1383.047,1,1198
1384.167,1,1196
1385.287,1,1178
1386.407,1,1170
1387.527,1,1169
1388.647,1,1150
1389.766,1,1147
1390.885,1,1135
1392.004,1,1130
1393.122,1,1119
1394.241,1,1126
1395.359,1,1112
1396.477,1,1107
1397.594,1,1094
1398.711,1,1091
1399.828,1,1089
1400.945,1,1087
1402.062,1,1084
1403.178,1,1076
1404.294,1,1064
1405.410,1,1074
1406.525,1,1078
1407.641,1,1082
1408.756,1,1075
1409.871,1,1088
1410.985,1,1061
1412.099,1,1056
1413.214,1,1062
1414.327,1,1055
1415.441,1,1035
1416.554,1,1035
1417.667,1,1014
1418.780,1,1006
1419.893,1,1020
1421.005,1,1008
1422.117,1,1023
1423.229,1,1003
1424.341,1,994
1425.452,1,1001
1426.563,1,1002
1427.674,1,1013
1428.784,1,1004
1429.895,1,1004
1431.005,1,999
1432.115,1,990
1433.224,1,994
1434.334,1,1002
1435.443,1,996
1436.552,1,999
1437.660,1,996
1438.769,1,1004
1439.877,1,995
1440.985,1,993
1442.093,1,1005
1443.200,1,1012
1444.307,1,1008
1445.414,1,1014
1446.521,1,1016
1447.627,1,1022
1448.733,1,1013
1449.839,1,1028
1450.945,1,1035
1452.050,1,1036
1453.155,1,1040
1454.260,1,1038
1455.365,1,1045
1456.470,1,1038
1457.574,1,1012
1458.678,1,1000
1459.781,1,956
1460.885,1,936
1461.988,1,882
1463.091,1,851
1464.194,1,810
1465.296,1,759
1466.399,1,733
1467.501,1,699
1468.602,1,668
1469.704,1,677
1470.805,1,653
1471.906,1,648
1473.007,1,639
1474.108,1,638
1475.208,1,621
1476.308,1,628
1477.408,1,627
1478.507,1,627
1479.607,1,628
1480.706,1,627
1481.805,1,635
1482.903,1,623
1484.001,1,618
1485.100,1,620
1486.197,1,611
1487.295,1,611
1488.392,1,607
1489.490,1,611
1490.586,1,597
1491.683,1,608
1492.780,1,609
1493.876,1,604
1494.972,1,605
1496.067,1,609
1497.163,1,613
1498.258,1,598
1499.353,1,611
1500.448,1,613
1501.542,1,611
1502.636,1,624
1503.730,1,618
1504.824,1,612
1505.917,1,621
1507.011,1,616
1508.104,1,616
1509.196,1,612
1510.289,1,610
1511.381,1,620
1512.473,1,603
1513.565,1,611
1514.657,1,617
1515.748,1,615
1516.839,1,602
1517.930,1,606
1519.020,1,611
1520.111,1,608
1521.201,1,610
1522.291,1,608
1523.380,1,606
1524.470,1,600
1525.559,1,614
1526.648,1,601
1527.736,1,618
1528.825,1,606
1529.913,1,605
1531.001,1,612
1532.089,1,617
1533.176,1,593
1534.263,1,599
1535.350,1,604
1536.437,1,609
1537.524,1,605
1538.610,1,613
1539.696,1,614
1540.782,1,611
1541.867,1,615
1542.952,1,624
1544.038,1,620
1545.122,1,615
1546.207,1,621
1547.291,1,615
1548.375,1,608
1549.459,1,606
1550.543,1,612
1551.626,1,607
1552.709,1,610
1553.792,1,606
1554.875,1,599
1555.957,1,598
1557.039,1,602
1558.121,1,597
1559.203,1,594
1560.285,1,603
1561.366,1,591
1562.447,1,600
1563.528,1,599
1564.608,1,596
1565.688,1,598
1566.768,1,602
1567.848,1,609
1568.928,1,609
1570.007,1,612
1571.086,1,616
1572.165,1,610
1573.243,1,610
1574.322,1,615
1575.400,1,598
1576.478,1,608
1577.556,1,609
1578.633,1,599
1579.710,1,599
1580.787,1,598
1581.864,1,596
1582.940,1,599
1584.016,1,596
1585.092,1,607
1586.168,1,592
1587.244,1,587
1588.319,1,607
1589.394,1,592
1590.469,1,604
1591.543,1,593
1592.618,1,596
1593.692,1,595
1594.766,1,608
1595.839,1,595
1596.912,1,595
1597.986,1,598
1599.059,1,595
1600.131,1,599
1601.204,1,609
1602.276,1,604
1603.348,1,602
1604.419,1,612
1605.491,1,608
1606.562,1,603
1607.633,1,605
1608.704,1,611
1609.774,1,607
1610.845,1,618
1611.915,1,608
1612.985,1,607
1614.054,1,610
1615.124,1,605
1616.193,1,610
1617.262,1,613
1618.330,1,610
1619.399,1,611
1620.467,1,602
1621.535,1,611
1622.602,1,607
1623.670,1,605
1624.737,1,612
1625.804,1,609
1626.871,1,601
1627.937,1,613
1629.004,1,603
1630.070,1,613
1631.136,1,621
1632.201,1,617
1633.267,1,618
1634.332,1,613
1635.397,1,619
1636.461,1,614
1637.526,1,607
1638.590,1,612
1639.654,1,602
1640.718,1,615
1641.781,1,599
1642.844,1,611
1643.907,1,608
1644.970,1,606
1646.033,1,612
1647.095,1,610
1648.157,1,607
1649.219,1,612
1650.280,1,611
1651.342,1,608
1652.403,1,611
1653.464,1,625
1654.524,1,612
1655.585,1,614
1656.645,1,611
1657.705,1,611
1658.765,1,617
1659.824,1,619
1660.884,1,620
1661.943,1,609
1663.001,1,606
1664.060,1,608
1665.118,1,612
1666.176,1,603
1667.234,1,605
1668.292,1,609
1669.349,1,604
1670.407,1,605
1671.463,1,612
1672.520,1,610
1673.577,1,606
1674.633,1,603
1675.689,1,615
1676.745,1,614
1677.800,1,618
1678.856,1,624
1679.911,1,617
1680.965,1,615
1682.020,1,629
1683.074,1,629
1684.129,1,619
1685.183,1,609
1686.236,1,608
1687.290,1,602
1688.343,1,611
1689.396,1,616
1690.449,1,613
1691.501,1,609
1692.554,1,604
1693.606,1,602
1694.657,1,608
1695.709,1,601
1696.760,1,617
1697.812,1,617
1698.862,1,615
1699.913,1,600
1700.964,1,607
1702.014,1,609
1703.064,1,607
1704.114,1,603
1705.163,1,611
1706.212,1,602
1707.261,1,603
1708.310,1,605
1709.359,1,605
1710.407,1,607
1711.455,1,599
1712.503,1,615
1713.551,1,609
1714.598,1,610
1715.646,1,613
1716.693,1,613
1717.739,1,606
1718.786,1,615
1719.832,1,611
1720.878,1,603
1721.924,1,602
1722.970,1,607
1724.015,1,599
1725.060,1,608
1726.105,1,613
1727.150,1,607
1728.195,1,611
1729.239,1,621
1730.283,1,631
1731.327,1,623
1732.370,1,610
1733.413,1,623
1734.457,1,608
1735.499,1,612
1736.542,1,613
1737.584,1,615
1738.627,1,627
1739.669,1,613
1740.710,1,618
1741.752,1,611
1742.793,1,605
1743.834,1,604
1744.875,1,600
1745.915,1,608
1746.956,1,608
1747.996,1,598
1749.036,1,605
1750.075,1,611
1751.115,1,604
1752.154,1,609
1753.193,1,613
1754.232,1,614
1755.270,1,612
1756.309,1,607
1757.347,1,601
1758.385,1,611
1759.422,1,620
1760.460,1,617
1761.497,1,604
1762.534,1,606
1763.570,1,614
1764.607,1,619
1765.643,1,625
1766.679,1,627
1767.715,1,619
1768.751,1,615
1769.786,1,617
1770.821,1,618
1771.856,1,622
1772.891,1,628
1773.925,1,632
1774.959,1,620
1775.993,1,630
1777.027,1,617
1778.060,1,618
1779.094,1,620
1780.127,1,620
1781.160,1,617
1782.192,1,617
1783.225,1,620
1784.257,1,621
1785.289,1,619
1786.321,1,623
1787.352,1,620
1788.383,1,621
1789.414,1,620
1790.445,1,609
1791.476,1,614
1792.506,1,615
1793.536,1,621
1794.566,1,610
1795.596,1,617
1796.625,1,613
1797.654,1,619
1798.684,1,613
1799.712,1,612
1800.741,1,612
1801.769,1,610
1802.797,1,610
1803.825,1,613
1804.853,1,617
1805.880,1,608
1806.907,1,616
1807.934,1,614
1808.961,1,614
1809.988,1,612
1811.014,1,614
1812.040,1,624
1813.066,1,623
1814.092,1,622
1815.117,1,626
1816.142,1,626
1817.167,1,630
1818.192,1,626
1819.216,1,622
1820.241,1,620
1821.265,1,628
1822.289,1,626
1823.312,1,619
1824.336,1,619
1825.359,1,625
1826.382,1,607
1827.404,1,613
1828.427,1,609
1829.449,1,623
1830.471,1,613
1831.493,1,620
1832.515,1,612
1833.536,1,620
1834.557,1,618
1835.578,1,619
1836.599,1,619
1837.619,1,614
1838.640,1,621
1839.660,1,619
1840.680,1,625
1841.699,1,614
1842.719,1,619
1843.738,1,616
1844.757,1,618
1845.775,1,626
1846.794,1,635
1847.812,1,633
1848.830,1,628
1849.848,1,633
1850.865,1,624
