682.415,1,714
683.694,1,748
684.972,1,805
686.250,1,793
687.528,1,819
688.806,1,833
690.083,1,819
691.360,1,830
692.637,1,796
693.913,1,785
695.190,1,791
696.466,1,767
697.741,1,786
699.016,1,769
700.291,1,771
701.566,1,756
702.841,1,738
704.115,1,722
705.389,1,723
706.662,1,717
707.935,1,699
709.208,1,707
710.481,1,675
711.753,1,700
713.025,1,690
714.297,1,706
715.569,1,744
716.840,1,734
718.111,1,760
719.382,1,760
720.652,1,753
721.922,1,759
723.192,1,766
724.461,1,744
725.730,1,748
726.999,1,722
728.268,1,730
729.536,1,722
730.804,1,741
732.072,1,739
733.339,1,746
734.606,1,736
735.873,1,738
737.140,1,731
738.406,1,732
739.672,1,712
740.938,1,702
742.203,1,712
743.468,1,697
744.733,1,693
745.998,1,676
747.262,1,676
748.526,1,691
749.790,1,695
751.053,1,686
752.316,1,699
753.579,1,710
754.841,1,704
756.104,1,707
757.365,1,706
758.627,1,734
759.888,1,737
761.150,1,742
762.410,1,759
763.671,1,761
764.931,1,762
766.191,1,764
767.451,1,752
768.710,1,734
769.969,1,733
771.228,1,724
772.486,1,716
773.744,1,699
775.002,1,715
776.260,1,690
777.517,1,698
778.774,1,691
780.031,1,688
781.288,1,698
782.544,1,684
783.800,1,710
785.055,1,719
786.311,1,719
787.566,1,714
788.820,1,717
790.075,1,722
791.329,1,737
792.583,1,719
793.836,1,736
795.090,1,732
796.343,1,717
797.595,1,722
798.848,1,720
800.100,1,737
801.352,1,723
802.604,1,726
803.855,1,729
805.106,1,735
806.357,1,726
807.607,1,718
808.857,1,732
810.107,1,734
811.357,1,735
812.606,1,750
813.855,1,732
815.104,1,742
816.352,1,744
817.601,1,726
818.848,1,724
820.096,1,728
821.343,1,716
822.590,1,713
823.837,1,704
825.084,1,696
826.330,1,706
827.576,1,705
828.821,1,698
830.067,1,710
831.312,1,732
832.556,1,711
833.801,1,709
835.045,1,708
836.289,1,723
837.533,1,709
838.776,1,696
840.019,1,702
841.262,1,687
842.504,1,718
843.747,1,709
844.989,1,701
846.230,1,696
847.472,1,736
848.713,1,732
849.953,1,737
851.194,1,735
852.434,1,744
853.674,1,748
854.914,1,758
856.153,1,737
857.392,1,761
858.631,1,765
859.870,1,746
861.108,1,730
862.346,1,731
863.584,1,734
864.821,1,739
866.058,1,724
867.295,1,735
868.532,1,717
869.768,1,729
871.004,1,711
872.240,1,716
873.475,1,716
874.710,1,715
875.945,1,719
877.180,1,727
878.414,1,700
879.648,1,731
880.882,1,716
882.115,1,717
883.349,1,724
884.581,1,735
885.814,1,727
887.046,1,733
888.279,1,725
889.510,1,727
890.742,1,737
891.973,1,736
893.204,1,744
894.435,1,753
895.665,1,752
896.895,1,777
898.125,1,785
899.355,1,799
900.584,1,812
901.813,1,811
903.042,1,807
904.270,1,802
905.498,1,800
906.726,1,774
907.954,1,762
909.181,1,731
910.408,1,717
911.635,1,707
912.861,1,700
914.088,1,689
915.314,1,688
916.539,1,693
917.765,1,694
918.990,1,679
920.215,1,692
921.439,1,684
922.663,1,700
923.887,1,702
925.111,1,701
926.335,1,707
927.558,1,719
928.781,1,713
930.003,1,700
931.225,1,685
932.448,1,700
933.669,1,690
934.891,1,696
936.112,1,687
937.333,1,700
938.554,1,688
939.774,1,710
940.994,1,715
942.214,1,710
943.433,1,709
944.653,1,714
945.872,1,714
947.090,1,713
948.309,1,722
949.527,1,724
950.745,1,723
951.963,1,723
953.180,1,704
954.397,1,714
955.614,1,709
956.830,1,720
958.047,1,715
959.263,1,707
960.478,1,712
961.694,1,716
962.909,1,710
964.124,1,723
965.338,1,715
966.553,1,716
967.767,1,726
968.980,1,728
970.194,1,734
971.407,1,726
972.620,1,725
973.833,1,726
975.045,1,734
976.257,1,728
977.469,1,730
978.681,1,726
979.892,1,736
981.103,1,730
982.314,1,724
983.524,1,722
984.734,1,730
985.944,1,720
987.154,1,724
988.363,1,731
989.572,1,736
990.781,1,736
991.990,1,734
993.198,1,725
994.406,1,732
995.614,1,747
996.821,1,734
998.028,1,743
999.235,1,739
1000.442,1,736
1001.648,1,735
1002.854,1,739
1004.060,1,741
1005.266,1,742
1006.471,1,737
1007.676,1,736
1008.881,1,726
1010.085,1,732
1011.289,1,722
1012.493,1,734
1013.697,1,742
1014.900,1,733
1016.103,1,743
1017.306,1,738
1018.509,1,732
1019.711,1,745
1020.913,1,734
1022.115,1,727
1023.316,1,714
1024.517,1,716
1025.718,1,739
1026.919,1,733
1028.119,1,745
1029.320,1,738
1030.519,1,728
1031.719,1,730
1032.918,1,733
1034.117,1,725
1035.316,1,719
1036.514,1,708
1037.713,1,700
1038.911,1,705
1040.108,1,705
1041.306,1,697
1042.503,1,704
1043.700,1,714
1044.896,1,723
1046.093,1,715
1047.289,1,737
1048.484,1,726
1049.680,1,735
1050.875,1,737
1052.070,1,735
1053.265,1,729
1054.459,1,742
1055.653,1,736
1056.847,1,731
1058.041,1,735
1059.234,1,730
1060.427,1,733
1061.620,1,731
1062.813,1,722
1064.005,1,724
1065.197,1,701
1066.389,1,717
1067.580,1,706
1068.771,1,706
1069.962,1,718
1071.153,1,704
1072.343,1,703
1073.534,1,709
1074.723,1,727
1075.913,1,715
1077.102,1,719
1078.291,1,722
1079.480,1,710
1080.669,1,695
1081.857,1,710
1083.045,1,700
1084.233,1,699
1085.420,1,703
1086.607,1,697
1087.794,1,704
1088.981,1,701
1090.167,1,702
1091.353,1,712
1092.539,1,696
1093.725,1,700
1094.910,1,705
1096.095,1,707
1097.280,1,712
1098.464,1,711
1099.649,1,701
1100.833,1,702
1102.016,1,721
1103.200,1,715
1104.383,1,725
1105.566,1,741
1106.748,1,748
1107.931,1,762
1109.113,1,766
1110.295,1,759
1111.476,1,763
1112.658,1,759
1113.839,1,762
1115.019,1,762
1116.200,1,750
1117.380,1,747
1118.560,1,728
1119.740,1,730
1120.919,1,722
1122.099,1,729
1123.277,1,715
1124.456,1,721
1125.635,1,701
1126.813,1,700
1127.991,1,714
1129.168,1,717
1130.345,1,711
1131.522,1,707
1132.699,1,711
1133.876,1,686
1135.052,1,692
1136.228,1,702
1137.404,1,701
1138.579,1,694
1139.755,1,686
1140.929,1,689
1142.104,1,689
1143.279,1,695
1144.453,1,699
1145.627,1,704
1146.800,1,696
1147.974,1,706
1149.147,1,696
1150.320,1,699
1151.492,1,694
1152.664,1,692
1153.836,1,694
1155.008,1,695
1156.180,1,683
1157.351,1,700
1158.522,1,701
1159.693,1,696
1160.863,1,693
1162.033,1,707
1163.203,1,700
1164.373,1,694
1165.542,1,694
1166.712,1,700
1167.881,1,700
1169.049,1,706
1170.218,1,690
1171.386,1,675
1172.553,1,691
1173.721,1,682
1174.888,1,681
1176.055,1,689
1177.222,1,691
1178.389,1,691
1179.555,1,695
1180.721,1,701
1181.887,1,696
1183.052,1,693
1184.217,1,699
1185.382,1,701
1186.547,1,708
1187.712,1,709
1188.876,1,712
1190.040,1,709
1191.203,1,705
1192.367,1,700
1193.530,1,702
1194.693,1,703
1195.855,1,711
1197.018,1,704
1198.180,1,707
1199.342,1,714
1200.503,1,707
1201.664,1,710
1202.826,1,716
1203.986,1,722
1205.147,1,717
1206.307,1,701
1207.467,1,692
1208.627,1,705
1209.786,1,702
1210.946,1,696
1212.105,1,711
1213.263,1,711
1214.422,1,704
1215.580,1,710
1216.738,1,711
1217.895,1,701
1219.053,1,718
1220.210,1,718
1221.367,1,707
1222.524,1,699
1223.680,1,711
1224.836,1,722
1225.992,1,717
1227.147,1,722
1228.303,1,714
1229.458,1,720
1230.613,1,715
1231.767,1,722
1232.922,1,719
1234.076,1,698
1235.229,1,714
1236.383,1,710
1237.536,1,707
1238.689,1,704
1239.842,1,709
1240.994,1,713
1242.147,1,724
1243.299,1,720
1244.450,1,726
1245.602,1,707
1246.753,1,709
1247.904,1,710
1249.055,1,718
1250.205,1,717
1251.355,1,721
1252.505,1,701
1253.655,1,703
1254.804,1,716
1255.953,1,704
1257.102,1,711
1258.251,1,702
1259.399,1,712
1260.547,1,716
1261.695,1,711
1262.843,1,722
1263.990,1,719
1265.137,1,713
1266.284,1,712
1267.431,1,723
1268.577,1,715
1269.723,1,706
1270.869,1,707
1272.014,1,710
1273.160,1,712
1274.305,1,710
1275.450,1,707
1276.594,1,723
1277.738,1,735
1278.882,1,726
1280.026,1,719
1281.170,1,731
1282.313,1,725
1283.456,1,719
1284.599,1,723
1285.741,1,739
1286.883,1,729
1288.025,1,736
1289.167,1,742
1290.308,1,734
1291.450,1,748
1292.591,1,730
1293.731,1,741
1294.872,1,736
1296.012,1,725
1297.152,1,724
1298.292,1,713
1299.431,1,714
1300.570,1,711
1301.709,1,707
1302.848,1,720
1303.986,1,729
1305.124,1,726
1306.262,1,723
1307.400,1,739
1308.537,1,732
1309.674,1,736
1310.811,1,747
1311.948,1,756
1313.084,1,781
1314.220,1,773
1315.356,1,788
1316.492,1,803
1317.627,1,824
1318.762,1,861
1319.897,1,902
1321.032,1,977
1322.166,1,1056
1323.300,1,1161
1324.434,1,1283
1325.568,1,1420
1326.701,1,1599
1327.834,1,1743
1328.967,1,1915
1330.099,1,2061
1331.232,1,2162
1332.364,1,2247
1333.496,1,2312
1334.627,1,2366
1335.758,1,2360
1336.890,1,2369
1338.020,1,2374
1339.151,1,2390
1340.281,1,2403
1341.411,1,2486
1342.541,1,2616
1343.671,1,2768
1344.800,1,2888
1345.929,1,3008
1347.058,1,3302
1348.186,1,3672
1349.315,1,4043
1350.443,1,4031
1351.570,1,4221
1352.698,1,4142
1353.825,1,3987
1354.952,1,3771
1356.079,1,3512
1357.206,1,3413
1358.332,1,2925
1359.458,1,2464
1360.584,1,2149
1361.709,1,2048
1362.834,1,2001
1363.959,1,1981
1365.084,1,1963
1366.209,1,1931
1367.333,1,1926
1368.457,1,1914
1369.581,1,1880
1370.704,1,1870
1371.828,1,1854
1372.951,1,1832
1374.073,1,1823
1375.196,1,1791
1376.318,1,1780
1377.440,1,1751
1378.562,1,1734
1379.684,1,1719
1380.805,1,1694
1381.926,1,1665
1383.047,1,1657
1384.167,1,1649
1385.287,1,1629
1386.407,1,1619
1387.527,1,1599
1388.647,1,1577
1389.766,1,1567
1390.885,1,1568
1392.004,1,1545
1393.122,1,1542
1394.241,1,1527
1395.359,1,1500
1396.477,1,1497
1397.594,1,1482
1398.711,1,1485
1399.828,1,1478
1400.945,1,1462
1402.062,1,1462
1403.178,1,1453
1404.294,1,1438
1405.410,1,1438
1406.525,1,1435
1407.641,1,1432
1408.756,1,1439
1409.871,1,1417
1410.985,1,1413
1412.099,1,1408
1413.214,1,1416
1414.327,1,1389
1415.441,1,1384
1416.554,1,1370
1417.667,1,1346
1418.780,1,1345
1419.893,1,1336
1421.005,1,1326
1422.117,1,1319
1423.229,1,1312
1424.341,1,1300
1425.452,1,1303
1426.563,1,1319
1427.674,1,1327
1428.784,1,1309
1429.895,1,1302
1431.005,1,1305
1432.115,1,1275
1433.224,1,1274
1434.334,1,1290
1435.443,1,1286
1436.552,1,1274
1437.660,1,1278
1438.769,1,1279
1439.877,1,1287
1440.985,1,1282
1442.093,1,1289
1443.200,1,1299
1444.307,1,1297
1445.414,1,1308
1446.521,1,1307
1447.627,1,1315
1448.733,1,1302
1449.839,1,1307
1450.945,1,1298
1452.050,1,1300
1453.155,1,1302
1454.260,1,1291
1455.365,1,1287
1456.470,1,1266
1457.574,1,1256
1458.678,1,1255
1459.781,1,1244
1460.885,1,1237
1461.988,1,1214
1463.091,1,1210
1464.194,1,1213
1465.296,1,1207
1466.399,1,1208
1467.501,1,1193
1468.602,1,1179
1469.704,1,1185
1470.805,1,1177
1471.906,1,1158
1473.007,1,1152
1474.108,1,1118
1475.208,1,1087
1476.308,1,1053
1477.408,1,1036
1478.507,1,1006
1479.607,1,984
1480.706,1,940
1481.805,1,923
1482.903,1,884
1484.001,1,874
1485.100,1,834
1486.197,1,829
1487.295,1,806
1488.392,1,801
1489.490,1,777
1490.586,1,766
1491.683,1,752
1492.780,1,754
1493.876,1,740
1494.972,1,730
1496.067,1,751
1497.163,1,738
1498.258,1,729
1499.353,1,741
1500.448,1,735
1501.542,1,735
1502.636,1,741
1503.730,1,737
1504.824,1,733
1505.917,1,727
1507.011,1,730
1508.104,1,725
1509.196,1,729
1510.289,1,733
1511.381,1,717
1512.473,1,714
1513.565,1,717
1514.657,1,710
1515.748,1,717
1516.839,1,717
1517.930,1,725
1519.020,1,724
1520.111,1,710
1521.201,1,721
1522.291,1,717
1523.380,1,710
1524.470,1,713
1525.559,1,707
1526.648,1,717
1527.736,1,716
1528.825,1,717
1529.913,1,714
1531.001,1,717
1532.089,1,718
1533.176,1,711
1534.263,1,714
1535.350,1,714
1536.437,1,704
1537.524,1,714
1538.610,1,724
1539.696,1,722
1540.782,1,721
1541.867,1,731
1542.952,1,723
1544.038,1,722
1545.122,1,723
1546.207,1,725
1547.291,1,724
1548.375,1,721
1549.459,1,714
1550.543,1,713
1551.626,1,705
1552.709,1,706
1553.792,1,711
1554.875,1,708
1555.957,1,711
1557.039,1,715
1558.121,1,699
1559.203,1,716
1560.285,1,716
1561.366,1,709
1562.447,1,698
1563.528,1,701
1564.608,1,708
1565.688,1,704
1566.768,1,709
1567.848,1,716
1568.928,1,715
1570.007,1,721
1571.086,1,721
1572.165,1,733
1573.243,1,734
1574.322,1,735
1575.400,1,724
1576.478,1,723
1577.556,1,717
1578.633,1,727
1579.710,1,717
1580.787,1,725
1581.864,1,719
1582.940,1,702
1584.016,1,709
1585.092,1,708
1586.168,1,710
1587.244,1,702
1588.319,1,699
1589.394,1,708
1590.469,1,708
1591.543,1,700
1592.618,1,707
1593.692,1,710
1594.766,1,716
1595.839,1,716
1596.912,1,720
1597.986,1,716
1599.059,1,710
1600.131,1,710
1601.204,1,707
1602.276,1,734
1603.348,1,718
1604.419,1,706
1605.491,1,722
1606.562,1,715
1607.633,1,724
1608.704,1,724
1609.774,1,726
1610.845,1,730
1611.915,1,734
1612.985,1,729
1614.054,1,726
1615.124,1,730
1616.193,1,722
1617.262,1,732
1618.330,1,723
1619.399,1,728
1620.467,1,728
1621.535,1,720
1622.602,1,715
1623.670,1,723
1624.737,1,709
1625.804,1,710
1626.871,1,721
1627.937,1,719
1629.004,1,728
1630.070,1,731
1631.136,1,734
1632.201,1,736
1633.267,1,727
1634.332,1,726
1635.397,1,729
1636.461,1,732
1637.526,1,728
1638.590,1,726
1639.654,1,730
1640.718,1,720
1641.781,1,725
1642.844,1,724
1643.907,1,728
1644.970,1,724
1646.033,1,716
1647.095,1,721
1648.157,1,735
1649.219,1,724
1650.280,1,734
1651.342,1,729
1652.403,1,731
1653.464,1,731
1654.524,1,724
1655.585,1,730
1656.645,1,739
1657.705,1,731
1658.765,1,727
1659.824,1,722
1660.884,1,741
1661.943,1,728
1663.001,1,732
1664.060,1,736
1665.118,1,735
1666.176,1,737
1667.234,1,739
1668.292,1,720
1669.349,1,721
1670.407,1,731
1671.463,1,723
1672.520,1,731
1673.577,1,728
1674.633,1,740
1675.689,1,739
1676.745,1,743
1677.800,1,741
1678.856,1,744
1679.911,1,746
1680.965,1,742
1682.020,1,744
1683.074,1,743
1684.129,1,746
1685.183,1,738
1686.236,1,732
1687.290,1,739
1688.343,1,742
1689.396,1,730
1690.449,1,722
1691.501,1,731
1692.554,1,728
1693.606,1,727
1694.657,1,733
1695.709,1,741
1696.760,1,735
1697.812,1,740
1698.862,1,734
1699.913,1,738
1700.964,1,743
1702.014,1,736
1703.064,1,733
1704.114,1,739
1705.163,1,728
1706.212,1,721
1707.261,1,725
1708.310,1,735
1709.359,1,732
1710.407,1,730
1711.455,1,743
1712.503,1,756
1713.551,1,733
1714.598,1,743
1715.646,1,740
1716.693,1,736
1717.739,1,741
1718.786,1,744
1719.832,1,728
1720.878,1,727
1721.924,1,743
1722.970,1,733
1724.015,1,738
1725.060,1,734
1726.105,1,736
1727.150,1,736
1728.195,1,736
1729.239,1,735
1730.283,1,732
1731.327,1,744
1732.370,1,750
1733.413,1,760
1734.457,1,741
1735.499,1,750
1736.542,1,742
1737.584,1,760
1738.627,1,753
1739.669,1,748
1740.710,1,755
1741.752,1,741
1742.793,1,748
1743.834,1,741
1744.875,1,749
1745.915,1,748
1746.956,1,741
1747.996,1,738
1749.036,1,743
1750.075,1,747
1751.115,1,743
1752.154,1,740
1753.193,1,745
1754.232,1,736
1755.270,1,743
1756.309,1,736
1757.347,1,745
1758.385,1,744
1759.422,1,752
1760.460,1,752
1761.497,1,753
1762.534,1,751
1763.570,1,755
1764.607,1,755
1765.643,1,762
1766.679,1,770
1767.715,1,767
1768.751,1,754
1769.786,1,765
1770.821,1,765
1771.856,1,762
1772.891,1,748
1773.925,1,758
1774.959,1,769
1775.993,1,762
1777.027,1,766
1778.060,1,755
1779.094,1,750
1780.127,1,746
1781.160,1,763
1782.192,1,748
1783.225,1,754
1784.257,1,748
1785.289,1,764
1786.321,1,767
1787.352,1,764
1788.383,1,761
1789.414,1,765
1790.445,1,760
1791.476,1,764
1792.506,1,757
1793.536,1,750
1794.566,1,762
1795.596,1,754
1796.625,1,756
1797.654,1,751
1798.684,1,750
1799.712,1,747
1800.741,1,744
1801.769,1,744
1802.797,1,758
1803.825,1,743
1804.853,1,760
1805.880,1,766
1806.907,1,763
1807.934,1,771
1808.961,1,760
1809.988,1,767
1811.014,1,768
1812.040,1,763
1813.066,1,768
1814.092,1,763
1815.117,1,767
1816.142,1,779
1817.167,1,783
1818.192,1,773
1819.216,1,774
1820.241,1,775
1821.265,1,778
1822.289,1,782
1823.312,1,761
1824.336,1,772
1825.359,1,770
1826.382,1,764
1827.404,1,769
1828.427,1,762
1829.449,1,759
1830.471,1,764
1831.493,1,767
1832.515,1,770
1833.536,1,775
1834.557,1,775
1835.578,1,761
1836.599,1,781
1837.619,1,772
1838.640,1,765
1839.660,1,767
1840.680,1,767
1841.699,1,772
1842.719,1,770
1843.738,1,771
1844.757,1,768
1845.775,1,768
1846.794,1,783
1847.812,1,778
1848.830,1,782
1849.848,1,778
1850.865,1,779
