682.415,1,730
683.694,1,778
684.972,1,808
686.250,1,810
687.528,1,841
688.806,1,846
690.083,1,839
691.360,1,822
692.637,1,815
693.913,1,804
695.190,1,808
696.466,1,785
697.741,1,793
699.016,1,795
700.291,1,776
701.566,1,777
702.841,1,773
704.115,1,777
705.389,1,753
706.662,1,735
707.935,1,739
709.208,1,702
710.481,1,694
711.753,1,702
713.025,1,709
714.297,1,716
715.569,1,761
716.840,1,764
718.111,1,782
719.382,1,783
720.652,1,784
721.922,1,791
723.192,1,778
724.461,1,755
725.730,1,757
726.999,1,764
728.268,1,761
729.536,1,738
730.804,1,748
732.072,1,748
733.339,1,759
734.606,1,758
735.873,1,758
737.140,1,744
738.406,1,736
739.672,1,739
740.938,1,733
742.203,1,723
743.468,1,719
744.733,1,713
745.998,1,699
747.262,1,704
748.526,1,692
749.790,1,698
751.053,1,694
752.316,1,708
753.579,1,710
754.841,1,724
756.104,1,721
757.365,1,720
758.627,1,742
759.888,1,769
761.150,1,776
762.410,1,777
763.671,1,782
764.931,1,765
766.191,1,774
767.451,1,781
768.710,1,775
769.969,1,752
771.228,1,747
772.486,1,738
773.744,1,738
775.002,1,736
776.260,1,713
777.517,1,719
778.774,1,693
780.031,1,700
781.288,1,713
782.544,1,707
783.800,1,715
785.055,1,714
786.311,1,745
787.566,1,740
788.820,1,753
790.075,1,758
791.329,1,760
792.583,1,742
793.836,1,766
795.090,1,746
796.343,1,751
797.595,1,765
798.848,1,742
800.100,1,751
801.352,1,742
802.604,1,768
803.855,1,741
805.106,1,747
806.357,1,745
807.607,1,758
808.857,1,744
810.107,1,741
811.357,1,768
812.606,1,767
813.855,1,754
815.104,1,771
816.352,1,746
817.601,1,752
818.848,1,772
820.096,1,764
821.343,1,734
822.590,1,729
823.837,1,724
825.084,1,720
826.330,1,724
827.576,1,732
828.821,1,732
830.067,1,732
831.312,1,740
832.556,1,731
833.801,1,744
835.045,1,754
836.289,1,734
837.533,1,733
838.776,1,706
840.019,1,714
841.262,1,717
842.504,1,709
843.747,1,715
844.989,1,718
846.230,1,732
847.472,1,740
848.713,1,770
849.953,1,764
851.194,1,764
852.434,1,763
853.674,1,767
854.914,1,750
856.153,1,780
857.392,1,781
858.631,1,763
859.870,1,750
861.108,1,748
862.346,1,748
863.584,1,754
864.821,1,744
866.058,1,744
867.295,1,737
868.532,1,744
869.768,1,728
871.004,1,741
872.240,1,725
873.475,1,715
874.710,1,738
875.945,1,735
877.180,1,726
878.414,1,729
879.648,1,725
880.882,1,735
882.115,1,739
883.349,1,738
884.581,1,746
885.814,1,752
887.046,1,747
888.279,1,755
889.510,1,762
890.742,1,773
891.973,1,778
893.204,1,790
894.435,1,766
895.665,1,778
896.895,1,793
898.125,1,798
899.355,1,819
900.584,1,840
901.813,1,846
903.042,1,830
904.270,1,807
905.498,1,816
906.726,1,806
907.954,1,773
909.181,1,764
910.408,1,732
911.635,1,709
912.861,1,703
914.088,1,704
915.314,1,696
916.539,1,699
917.765,1,704
918.990,1,695
920.215,1,703
921.439,1,714
922.663,1,711
923.887,1,725
925.111,1,717
926.335,1,730
927.558,1,725
928.781,1,729
930.003,1,722
931.225,1,712
932.448,1,708
933.669,1,715
934.891,1,701
936.112,1,696
937.333,1,704
938.554,1,710
939.774,1,729
940.994,1,727
942.214,1,735
943.433,1,729
944.653,1,744
945.872,1,740
947.090,1,731
948.309,1,736
949.527,1,731
950.745,1,738
951.963,1,728
953.180,1,743
954.397,1,741
955.614,1,749
956.830,1,740
958.047,1,729
959.263,1,745
960.478,1,724
961.694,1,724
962.909,1,736
964.124,1,733
965.338,1,744
966.553,1,734
967.767,1,740
968.980,1,746
970.194,1,736
971.407,1,740
972.620,1,749
973.833,1,753
975.045,1,752
976.257,1,739
977.469,1,743
978.681,1,732
979.892,1,739
981.103,1,739
982.314,1,747
983.524,1,735
984.734,1,756
985.944,1,728
987.154,1,744
988.363,1,760
989.572,1,737
990.781,1,741
991.990,1,731
993.198,1,740
994.406,1,755
995.614,1,753
996.821,1,741
998.028,1,767
999.235,1,750
1000.442,1,751
1001.648,1,761
1002.854,1,754
1004.060,1,764
1005.266,1,747
1006.471,1,738
1007.676,1,741
1008.881,1,749
1010.085,1,742
1011.289,1,745
1012.493,1,741
1013.697,1,758
1014.900,1,756
1016.103,1,749
1017.306,1,762
1018.509,1,754
1019.711,1,746
1020.913,1,749
1022.115,1,740
1023.316,1,732
1024.517,1,745
1025.718,1,747
1026.919,1,756
1028.119,1,760
1029.320,1,766
1030.519,1,760
1031.719,1,753
1032.918,1,747
1034.117,1,742
1035.316,1,735
1036.514,1,739
1037.713,1,723
1038.911,1,727
1040.108,1,717
1041.306,1,708
1042.503,1,726
1043.700,1,740
1044.896,1,741
1046.093,1,736
1047.289,1,733
1048.484,1,747
1049.680,1,742
1050.875,1,744
1052.070,1,753
1053.265,1,755
1054.459,1,761
1055.653,1,751
1056.847,1,753
1058.041,1,743
1059.234,1,744
1060.427,1,754
1061.620,1,732
1062.813,1,734
1064.005,1,730
1065.197,1,727
1066.389,1,715
1067.580,1,719
1068.771,1,729
1069.962,1,716
1071.153,1,730
1072.343,1,735
1073.534,1,731
1074.723,1,732
1075.913,1,727
1077.102,1,733
1078.291,1,733
1079.480,1,739
1080.669,1,723
1081.857,1,727
1083.045,1,711
1084.233,1,719
1085.420,1,714
1086.607,1,707
1087.794,1,727
1088.981,1,708
1090.167,1,705
1091.353,1,717
1092.539,1,707
1093.725,1,706
1094.910,1,721
1096.095,1,713
1097.280,1,718
1098.464,1,730
1099.649,1,718
1100.833,1,720
1102.016,1,731
1103.200,1,733
1104.383,1,751
1105.566,1,754
1106.748,1,765
1107.931,1,781
1109.113,1,767
1110.295,1,780
1111.476,1,771
1112.658,1,771
1113.839,1,778
1115.019,1,778
1116.200,1,766
1117.380,1,761
1118.560,1,761
1119.740,1,747
1120.919,1,727
1122.099,1,730
1123.277,1,715
1124.456,1,734
1125.635,1,730
1126.813,1,725
1127.991,1,716
1129.168,1,731
1130.345,1,726
1131.522,1,721
1132.699,1,707
1133.876,1,723
1135.052,1,723
1136.228,1,699
1137.404,1,715
1138.579,1,714
1139.755,1,715
1140.929,1,709
1142.104,1,706
1143.279,1,711
1144.453,1,712
1145.627,1,708
1146.800,1,715
1147.974,1,709
1149.147,1,708
1150.320,1,706
1151.492,1,704
1152.664,1,706
1153.836,1,709
1155.008,1,710
1156.180,1,711
1157.351,1,709
1158.522,1,717
1159.693,1,705
1160.863,1,715
1162.033,1,706
1163.203,1,710
1164.373,1,716
1165.542,1,715
1166.712,1,707
1167.881,1,711
1169.049,1,716
1170.218,1,701
1171.386,1,710
1172.553,1,706
1173.721,1,697
1174.888,1,711
1176.055,1,694
1177.222,1,707
1178.389,1,719
1179.555,1,698
1180.721,1,705
1181.887,1,711
1183.052,1,715
1184.217,1,728
1185.382,1,729
1186.547,1,710
1187.712,1,715
1188.876,1,723
1190.040,1,719
1191.203,1,711
1192.367,1,717
1193.530,1,713
1194.693,1,712
1195.855,1,716
1197.018,1,716
1198.180,1,719
1199.342,1,724
1200.503,1,714
1201.664,1,742
1202.826,1,726
1203.986,1,735
1205.147,1,723
1206.307,1,730
1207.467,1,724
1208.627,1,717
1209.786,1,718
1210.946,1,722
1212.105,1,715
1213.263,1,718
1214.422,1,728
1215.580,1,723
1216.738,1,732
1217.895,1,732
1219.053,1,725
1220.210,1,735
1221.367,1,735
1222.524,1,733
1223.680,1,715
1224.836,1,731
1225.992,1,718
1227.147,1,724
1228.303,1,735
1229.458,1,743
1230.613,1,725
1231.767,1,724
1232.922,1,730
1234.076,1,731
1235.229,1,729
1236.383,1,722
1237.536,1,735
1238.689,1,729
1239.842,1,732
1240.994,1,727
1242.147,1,733
1243.299,1,747
1244.450,1,742
1245.602,1,743
1246.753,1,742
1247.904,1,733
1249.055,1,740
1250.205,1,732
1251.355,1,724
1252.505,1,738
1253.655,1,728
1254.804,1,738
1255.953,1,730
1257.102,1,729
1258.251,1,749
1259.399,1,737
1260.547,1,734
1261.695,1,748
1262.843,1,740
1263.990,1,729
1265.137,1,733
1266.284,1,734
1267.431,1,734
1268.577,1,738
1269.723,1,729
1270.869,1,734
1272.014,1,729
1273.160,1,742
1274.305,1,742
1275.450,1,741
1276.594,1,738
1277.738,1,742
1278.882,1,737
1280.026,1,745
1281.170,1,745
1282.313,1,747
1283.456,1,742
1284.599,1,740
1285.741,1,739
1286.883,1,760
1288.025,1,759
1289.167,1,763
1290.308,1,757
1291.450,1,766
1292.591,1,760
1293.731,1,750
1294.872,1,751
1296.012,1,758
1297.152,1,741
1298.292,1,735
1299.431,1,736
1300.570,1,728
1301.709,1,736
1302.848,1,734
1303.986,1,740
1305.124,1,748
1306.262,1,746
1307.400,1,754
1308.537,1,753
1309.674,1,753
1310.811,1,759
1311.948,1,765
1313.084,1,785
1314.220,1,796
1315.356,1,814
1316.492,1,830
1317.627,1,843
1318.762,1,876
1319.897,1,929
1321.032,1,991
1322.166,1,1053
1323.300,1,1168
1324.434,1,1283
1325.568,1,1451
1326.701,1,1598
1327.834,1,1763
1328.967,1,1917
1330.099,1,2067
1331.232,1,2138
1332.364,1,2224
1333.496,1,2334
1334.627,1,2357
1335.758,1,2389
1336.890,1,2419
1338.020,1,2396
1339.151,1,2416
1340.281,1,2476
1341.411,1,2540
1342.541,1,2677
1343.671,1,2851
1344.800,1,3020
1345.929,1,3123
1347.058,1,3365
1348.186,1,3884
1349.315,1,4271
1350.443,1,4395
1351.570,1,4418
1352.698,1,4458
1353.825,1,4248
1354.952,1,3926
1356.079,1,3807
1357.206,1,3542
1358.332,1,3167
1359.458,1,2631
1360.584,1,2285
1361.709,1,2162
1362.834,1,2102
1363.959,1,2087
1365.084,1,2034
1366.209,1,2017
1367.333,1,2009
1368.457,1,1983
1369.581,1,1973
1370.704,1,1957
1371.828,1,1930
1372.951,1,1904
1374.073,1,1908
1375.196,1,1875
1376.318,1,1866
1377.440,1,1856
1378.562,1,1815
1379.684,1,1805
1380.805,1,1770
1381.926,1,1758
1383.047,1,1745
1384.167,1,1700
1385.287,1,1690
1386.407,1,1678
1387.527,1,1680
1388.647,1,1669
1389.766,1,1642
1390.885,1,1624
1392.004,1,1609
1393.122,1,1598
1394.241,1,1590
1395.359,1,1588
1396.477,1,1577
1397.594,1,1547
1398.711,1,1557
1399.828,1,1526
1400.945,1,1527
1402.062,1,1518
1403.178,1,1508
1404.294,1,1509
1405.410,1,1507
1406.525,1,1499
1407.641,1,1500
1408.756,1,1494
1409.871,1,1477
1410.985,1,1486
1412.099,1,1463
1413.214,1,1453
1414.327,1,1433
1415.441,1,1412
1416.554,1,1411
1417.667,1,1387
1418.780,1,1373
1419.893,1,1345
1421.005,1,1360
1422.117,1,1347
1423.229,1,1354
1424.341,1,1347
1425.452,1,1343
1426.563,1,1337
1427.674,1,1321
1428.784,1,1330
1429.895,1,1325
1431.005,1,1323
1432.115,1,1321
1433.224,1,1322
1434.334,1,1302
1435.443,1,1301
1436.552,1,1279
1437.660,1,1284
1438.769,1,1285
1439.877,1,1275
1440.985,1,1278
1442.093,1,1285
1443.200,1,1281
1444.307,1,1299
1445.414,1,1292
1446.521,1,1294
1447.627,1,1284
1448.733,1,1281
1449.839,1,1287
1450.945,1,1283
1452.050,1,1284
1453.155,1,1294
1454.260,1,1283
1455.365,1,1282
1456.470,1,1277
1457.574,1,1279
1458.678,1,1276
1459.781,1,1278
1460.885,1,1267
1461.988,1,1287
1463.091,1,1278
1464.194,1,1267
1465.296,1,1268
1466.399,1,1275
1467.501,1,1254
1468.602,1,1247
1469.704,1,1243
1470.805,1,1230
1471.906,1,1231
1473.007,1,1224
1474.108,1,1228
1475.208,1,1229
1476.308,1,1226
1477.408,1,1215
1478.507,1,1205
1479.607,1,1196
1480.706,1,1191
1481.805,1,1194
1482.903,1,1186
1484.001,1,1177
1485.100,1,1158
1486.197,1,1126
1487.295,1,1104
1488.392,1,1084
1489.490,1,1054
1490.586,1,1013
1491.683,1,992
1492.780,1,959
1493.876,1,928
1494.972,1,911
1496.067,1,892
1497.163,1,867
1498.258,1,848
1499.353,1,828
1500.448,1,811
1501.542,1,808
1502.636,1,797
1503.730,1,789
1504.824,1,779
1505.917,1,781
1507.011,1,780
1508.104,1,774
1509.196,1,775
1510.289,1,765
1511.381,1,767
1512.473,1,754
1513.565,1,741
1514.657,1,739
1515.748,1,758
1516.839,1,739
1517.930,1,751
1519.020,1,742
1520.111,1,742
1521.201,1,724
1522.291,1,744
1523.380,1,734
1524.470,1,737
1525.559,1,740
1526.648,1,737
1527.736,1,730
1528.825,1,737
1529.913,1,741
1531.001,1,743
1532.089,1,740
1533.176,1,728
1534.263,1,733
1535.350,1,739
1536.437,1,738
1537.524,1,737
1538.610,1,729
1539.696,1,734
1540.782,1,749
1541.867,1,746
1542.952,1,757
1544.038,1,746
1545.122,1,745
1546.207,1,739
1547.291,1,747
1548.375,1,739
1549.459,1,737
1550.543,1,732
1551.626,1,725
1552.709,1,730
1553.792,1,721
1554.875,1,731
1555.957,1,731
1557.039,1,716
1558.121,1,727
1559.203,1,725
1560.285,1,731
1561.366,1,739
1562.447,1,721
1563.528,1,705
1564.608,1,718
1565.688,1,734
1566.768,1,736
1567.848,1,726
1568.928,1,739
1570.007,1,742
1571.086,1,746
1572.165,1,757
1573.243,1,741
1574.322,1,730
1575.400,1,738
1576.478,1,736
1577.556,1,732
1578.633,1,733
1579.710,1,739
1580.787,1,738
1581.864,1,731
1582.940,1,733
1584.016,1,728
1585.092,1,727
1586.168,1,728
1587.244,1,727
1588.319,1,716
1589.394,1,728
1590.469,1,731
1591.543,1,728
1592.618,1,734
1593.692,1,728
1594.766,1,737
1595.839,1,728
1596.912,1,726
1597.986,1,731
1599.059,1,724
1600.131,1,735
1601.204,1,726
1602.276,1,737
1603.348,1,735
1604.419,1,730
1605.491,1,753
1606.562,1,745
1607.633,1,750
1608.704,1,736
1609.774,1,751
1610.845,1,746
1611.915,1,738
1612.985,1,740
1614.054,1,745
1615.124,1,745
1616.193,1,747
1617.262,1,749
1618.330,1,745
1619.399,1,749
1620.467,1,753
1621.535,1,750
1622.602,1,744
1623.670,1,747
1624.737,1,746
1625.804,1,736
1626.871,1,752
1627.937,1,738
1629.004,1,742
1630.070,1,745
1631.136,1,753
1632.201,1,760
1633.267,1,764
1634.332,1,766
1635.397,1,748
1636.461,1,742
1637.526,1,740
1638.590,1,739
1639.654,1,743
1640.718,1,737
1641.781,1,746
1642.844,1,746
1643.907,1,745
1644.970,1,738
1646.033,1,757
1647.095,1,749
1648.157,1,748
1649.219,1,761
1650.280,1,754
1651.342,1,759
1652.403,1,752
1653.464,1,760
1654.524,1,744
1655.585,1,763
1656.645,1,750
1657.705,1,760
1658.765,1,752
1659.824,1,759
1660.884,1,749
1661.943,1,749
1663.001,1,768
1664.060,1,758
1665.118,1,750
1666.176,1,753
1667.234,1,757
1668.292,1,773
1669.349,1,756
1670.407,1,765
1671.463,1,750
1672.520,1,764
1673.577,1,755
1674.633,1,761
1675.689,1,751
1676.745,1,768
1677.800,1,771
1678.856,1,769
1679.911,1,763
1680.965,1,767
1682.020,1,772
1683.074,1,763
1684.129,1,769
1685.183,1,750
1686.236,1,756
1687.290,1,759
1688.343,1,750
1689.396,1,748
1690.449,1,743
1691.501,1,745
1692.554,1,743
1693.606,1,760
1694.657,1,750
1695.709,1,753
1696.760,1,757
1697.812,1,755
1698.862,1,765
1699.913,1,760
1700.964,1,761
1702.014,1,765
1703.064,1,752
1704.114,1,758
1705.163,1,744
1706.212,1,747
1707.261,1,743
1708.310,1,754
1709.359,1,747
1710.407,1,756
1711.455,1,762
1712.503,1,757
1713.551,1,756
1714.598,1,765
1715.646,1,752
1716.693,1,761
1717.739,1,746
1718.786,1,753
1719.832,1,758
1720.878,1,765
1721.924,1,763
1722.970,1,741
1724.015,1,753
1725.060,1,763
1726.105,1,757
1727.150,1,764
1728.195,1,763
1729.239,1,766
1730.283,1,779
1731.327,1,783
1732.370,1,773
1733.413,1,763
1734.457,1,778
1735.499,1,773
1736.542,1,769
1737.584,1,778
1738.627,1,757
1739.669,1,762
1740.710,1,766
1741.752,1,767
1742.793,1,763
1743.834,1,756
1744.875,1,759
1745.915,1,750
1746.956,1,760
1747.996,1,762
1749.036,1,776
1750.075,1,766
1751.115,1,763
1752.154,1,760
1753.193,1,756
1754.232,1,754
1755.270,1,763
1756.309,1,767
1757.347,1,766
1758.385,1,778
1759.422,1,770
1760.460,1,762
1761.497,1,777
1762.534,1,772
1763.570,1,774
1764.607,1,774
1765.643,1,783
1766.679,1,770
1767.715,1,772
1768.751,1,766
1769.786,1,773
1770.821,1,789
1771.856,1,784
1772.891,1,780
1773.925,1,785
1774.959,1,790
1775.993,1,772
1777.027,1,770
1778.060,1,774
1779.094,1,781
1780.127,1,769
1781.160,1,777
1782.192,1,765
1783.225,1,775
1784.257,1,787
1785.289,1,788
1786.321,1,786
1787.352,1,772
1788.383,1,774
1789.414,1,782
1790.445,1,787
1791.476,1,777
1792.506,1,764
1793.536,1,770
1794.566,1,771
1795.596,1,773
1796.625,1,767
1797.654,1,766
1798.684,1,771
1799.712,1,764
1800.741,1,763
1801.769,1,775
1802.797,1,767
1803.825,1,773
1804.853,1,775
1805.880,1,774
1806.907,1,772
1807.934,1,780
1808.961,1,774
1809.988,1,786
1811.014,1,788
1812.040,1,799
1813.066,1,787
1814.092,1,792
1815.117,1,787
1816.142,1,788
1817.167,1,794
1818.192,1,794
1819.216,1,795
1820.241,1,789
1821.265,1,790
1822.289,1,796
1823.312,1,789
1824.336,1,788
1825.359,1,781
1826.382,1,778
1827.404,1,780
1828.427,1,789
1829.449,1,791
1830.471,1,796
1831.493,1,779
1832.515,1,786
1833.536,1,793
1834.557,1,788
1835.578,1,789
1836.599,1,795
1837.619,1,788
1838.640,1,778
1839.660,1,789
1840.680,1,790
1841.699,1,782
1842.719,1,785
1843.738,1,795
1844.757,1,795
1845.775,1,812
1846.794,1,801
1847.812,1,800
1848.830,1,799
1849.848,1,795
1850.865,1,810
