14170.354,1,649
14169.773,1,671
14169.191,1,671
14168.610,1,665
14168.029,1,666
14167.448,1,671
14166.868,1,673
14166.287,1,677
14165.707,1,664
14165.126,1,678
14164.546,1,676
14163.966,1,673
14163.386,1,682
14162.806,1,669
14162.226,1,683
14161.647,1,669
14161.067,1,672
14160.488,1,670
14159.909,1,667
14159.329,1,666
14158.750,1,676
14158.172,1,672
14157.593,1,666
14157.014,1,669
14156.436,1,665
14155.857,1,675
14155.279,1,684
14154.701,1,677
14154.123,1,696
14153.545,1,713
14152.968,1,716
14152.390,1,720
14151.812,1,724
14151.235,1,723
14150.658,1,718
14150.081,1,727
14149.504,1,710
14148.927,1,700
14148.350,1,693
14147.774,1,690
14147.197,1,671
14146.621,1,666
14146.045,1,660
14145.468,1,653
14144.892,1,648
14144.317,1,653
14143.741,1,659
14143.165,1,661
14142.590,1,653
14142.014,1,653
14141.439,1,655
14140.864,1,662
14140.289,1,661
14139.714,1,657
14139.140,1,655
14138.565,1,639
14137.990,1,649
14137.416,1,648
14136.842,1,640
14136.268,1,646
14135.694,1,646
14135.120,1,652
14134.546,1,657
14133.973,1,642
14133.399,1,645
14132.826,1,652
14132.252,1,657
14131.679,1,656
14131.106,1,648
14130.533,1,654
14129.961,1,653
14129.388,1,646
14128.816,1,648
14128.243,1,651
14127.671,1,659
14127.099,1,658
14126.527,1,655
14125.955,1,647
14125.383,1,649
14124.812,1,644
14124.240,1,655
14123.669,1,657
14123.098,1,664
14122.526,1,655
14121.955,1,652
14121.385,1,649
14120.814,1,657
14120.243,1,661
14119.673,1,660
14119.102,1,653
14118.532,1,646
14117.962,1,657
14117.392,1,656
14116.822,1,657
14116.252,1,652
14115.683,1,673
14115.113,1,661
14114.544,1,657
14113.974,1,663
14113.405,1,665
14112.836,1,655
14112.267,1,659
14111.699,1,656
14111.130,1,646
14110.561,1,659
14109.993,1,655
14109.425,1,660
14108.856,1,651
14108.288,1,656
14107.721,1,658
14107.153,1,648
14106.585,1,648
14106.018,1,649
14105.450,1,651
14104.883,1,655
14104.316,1,651
14103.749,1,649
14103.182,1,654
14102.615,1,643
14102.048,1,650
14101.482,1,646
14100.915,1,643
14100.349,1,648
14099.783,1,644
14099.217,1,643
14098.651,1,648
14098.085,1,652
14097.519,1,640
14096.954,1,638
14096.388,1,640
14095.823,1,648
14095.258,1,638
14094.692,1,635
14094.127,1,643
14093.563,1,647
14092.998,1,645
14092.433,1,647
14091.869,1,642
14091.305,1,638
14090.740,1,651
14090.176,1,648
14089.612,1,645
14089.048,1,644
14088.485,1,644
14087.921,1,643
14087.358,1,650
14086.794,1,646
14086.231,1,649
14085.668,1,642
14085.105,1,652
14084.542,1,647
14083.979,1,654
14083.416,1,651
14082.854,1,650
14082.292,1,644
14081.729,1,649
14081.167,1,647
14080.605,1,644
14080.043,1,652
14079.481,1,640
14078.920,1,645
14078.358,1,643
14077.797,1,646
14077.236,1,647
14076.674,1,647
14076.113,1,647
14075.552,1,650
14074.992,1,644
14074.431,1,641
14073.870,1,646
14073.310,1,651
14072.750,1,646
14072.189,1,646
14071.629,1,649
14071.069,1,656
14070.510,1,644
14069.950,1,641
14069.390,1,643
14068.831,1,638
14068.271,1,650
14067.712,1,657
14067.153,1,643
14066.594,1,645
14066.035,1,639
14065.477,1,658
14064.918,1,648
14064.359,1,650
14063.801,1,655
14063.243,1,649
14062.685,1,650
14062.127,1,652
14061.569,1,653
14061.011,1,657
14060.453,1,659
14059.896,1,649
14059.338,1,654
14058.781,1,653
14058.224,1,656
14057.667,1,654
14057.110,1,655
14056.553,1,656
14055.997,1,653
14055.440,1,668
14054.884,1,650
14054.327,1,667
14053.771,1,651
14053.215,1,658
14052.659,1,654
14052.103,1,663
14051.548,1,658
14050.992,1,668
14050.436,1,649
14049.881,1,659
14049.326,1,659
14048.771,1,669
14048.216,1,669
14047.661,1,665
14047.106,1,659
14046.552,1,669
14045.997,1,663
14045.443,1,665
14044.888,1,662
14044.334,1,661
14043.780,1,660
14043.226,1,657
14042.673,1,669
14042.119,1,674
14041.565,1,673
14041.012,1,668
14040.459,1,680
14039.906,1,665
14039.352,1,669
14038.800,1,659
14038.247,1,668
14037.694,1,663
14037.141,1,676
14036.589,1,664
14036.037,1,678
14035.484,1,671
14034.932,1,665
14034.380,1,664
14033.829,1,670
14033.277,1,666
14032.725,1,670
14032.174,1,676
14031.622,1,679
14031.071,1,670
14030.520,1,665
14029.969,1,676
14029.418,1,674
14028.867,1,678
14028.317,1,677
14027.766,1,667
14027.216,1,672
14026.665,1,669
14026.115,1,663
14025.565,1,678
14025.015,1,670
14024.465,1,674
14023.916,1,668
14023.366,1,675
14022.817,1,682
14022.267,1,668
14021.718,1,682
14021.169,1,680
14020.620,1,675
14020.071,1,679
14019.523,1,674
14018.974,1,685
14018.425,1,680
14017.877,1,691
14017.329,1,683
14016.781,1,680
14016.233,1,696
14015.685,1,681
14015.137,1,687
14014.589,1,695
14014.042,1,687
14013.494,1,685
14012.947,1,691
14012.400,1,695
14011.853,1,709
14011.306,1,701
14010.759,1,696
14010.212,1,709
14009.666,1,698
14009.119,1,707
14008.573,1,707
14008.027,1,726
14007.481,1,715
14006.935,1,717
14006.389,1,713
14005.843,1,712
14005.297,1,727
14004.752,1,722
14004.206,1,731
14003.661,1,732
14003.116,1,731
14002.571,1,716
14002.026,1,735
14001.481,1,727
14000.936,1,741
14000.392,1,737
13999.847,1,744
13999.303,1,748
13998.759,1,748
13998.215,1,745
13997.671,1,748
13997.127,1,756
13996.583,1,760
13996.040,1,764
13995.496,1,760
13994.953,1,771
13994.410,1,774
13993.866,1,773
13993.323,1,765
13992.780,1,787
13992.238,1,783
13991.695,1,780
13991.152,1,781
13990.610,1,792
13990.068,1,788
13989.526,1,789
13988.983,1,790
13988.441,1,785
13987.900,1,796
13987.358,1,784
13986.816,1,797
13986.275,1,800
13985.733,1,796
13985.192,1,804
13984.651,1,797
13984.110,1,805
13983.569,1,794
13983.028,1,801
13982.488,1,806
13981.947,1,811
13981.407,1,811
13980.866,1,806
13980.326,1,811
13979.786,1,811
13979.246,1,802
13978.706,1,823
13978.167,1,826
13977.627,1,812
13977.088,1,801
13976.548,1,812
13976.009,1,808
13975.470,1,815
13974.931,1,803
13974.392,1,808
13973.853,1,802
13973.315,1,805
13972.776,1,795
13972.238,1,805
13971.699,1,796
13971.161,1,804
13970.623,1,792
13970.085,1,789
13969.547,1,802
13969.010,1,786
13968.472,1,791
13967.934,1,785
13967.397,1,792
13966.860,1,792
13966.323,1,788
13965.786,1,774
13965.249,1,782
13964.712,1,783
13964.175,1,772
13963.639,1,766
13963.102,1,780
13962.566,1,778
13962.030,1,760
13961.494,1,775
13960.958,1,758
13960.422,1,770
13959.886,1,766
13959.351,1,747
13958.815,1,758
13958.280,1,763
13957.745,1,756
13957.209,1,753
13956.674,1,766
13956.139,1,755
13955.605,1,750
13955.070,1,746
13954.535,1,747
13954.001,1,743
13953.467,1,750
13952.932,1,762
13952.398,1,750
13951.864,1,755
13951.331,1,755
13950.797,1,744
13950.263,1,753
13949.730,1,757
13949.196,1,749
13948.663,1,755
13948.130,1,753
13947.597,1,750
13947.064,1,766
13946.531,1,757
13945.998,1,757
13945.466,1,755
13944.933,1,751
13944.401,1,766
13943.869,1,758
13943.337,1,766
13942.805,1,761
13942.273,1,770
13941.741,1,756
13941.209,1,761
13940.678,1,764
13940.147,1,764
13939.615,1,770
13939.084,1,772
13938.553,1,780
13938.022,1,776
13937.491,1,776
13936.961,1,794
13936.430,1,773
13935.899,1,783
13935.369,1,786
13934.839,1,776
13934.309,1,782
13933.779,1,780
13933.249,1,790
13932.719,1,789
13932.189,1,781
13931.660,1,806
13931.130,1,794
13930.601,1,802
13930.072,1,800
13929.543,1,792
13929.014,1,801
13928.485,1,805
13927.956,1,801
13927.428,1,800
13926.899,1,793
13926.371,1,795
13925.842,1,800
13925.314,1,809
13924.786,1,805
13924.258,1,803
13923.730,1,803
13923.203,1,799
13922.675,1,800
13922.148,1,800
13921.620,1,794
13921.093,1,803
13920.566,1,816
13920.039,1,798
13919.512,1,813
13918.985,1,803
13918.459,1,798
13917.932,1,809
13917.406,1,809
13916.879,1,794
13916.353,1,788
13915.827,1,796
13915.301,1,803
13914.775,1,797
13914.249,1,797
13913.724,1,798
13913.198,1,786
13912.673,1,797
13912.148,1,793
13911.622,1,799
13911.097,1,794
13910.572,1,790
13910.048,1,792
13909.523,1,790
13908.998,1,794
13908.474,1,798
13907.950,1,788
13907.425,1,780
13906.901,1,784
13906.377,1,776
13905.853,1,788
13905.329,1,772
13904.806,1,774
13904.282,1,776
13903.759,1,773
13903.235,1,764
13902.712,1,783
13902.189,1,759
13901.666,1,762
13901.143,1,775
13900.621,1,764
13900.098,1,752
13899.575,1,763
13899.053,1,763
13898.531,1,754
13898.009,1,749
13897.486,1,739
13896.965,1,752
13896.443,1,758
13895.921,1,755
13895.399,1,743
13894.878,1,758
13894.356,1,750
13893.835,1,736
13893.314,1,746
13892.793,1,747
13892.272,1,735
13891.751,1,743
13891.231,1,735
13890.710,1,731
13890.190,1,730
13889.669,1,731
13889.149,1,727
13888.629,1,729
13888.109,1,723
13887.589,1,711
13887.069,1,722
13886.549,1,722
13886.030,1,723
13885.511,1,723
13884.991,1,710
13884.472,1,715
13883.953,1,708
13883.434,1,712
13882.915,1,709
13882.396,1,709
13881.878,1,696
13881.359,1,707
13880.841,1,696
13880.322,1,695
13879.804,1,695
13879.286,1,696
13878.768,1,692
13878.250,1,691
13877.733,1,696
13877.215,1,693
13876.697,1,694
13876.180,1,686
13875.663,1,682
13875.146,1,682
13874.629,1,685
13874.112,1,685
13873.595,1,679
13873.078,1,675
13872.562,1,677
13872.045,1,679
13871.529,1,671
13871.012,1,676
13870.496,1,663
13869.980,1,672
13869.464,1,672
13868.949,1,664
13868.433,1,678
13867.917,1,660
13867.402,1,663
13866.886,1,668
13866.371,1,666
13865.856,1,657
13865.341,1,661
13864.826,1,660
13864.311,1,652
13863.797,1,651
13863.282,1,660
13862.768,1,652
13862.253,1,644
13861.739,1,645
13861.225,1,650
13860.711,1,644
13860.197,1,646
13859.683,1,646
13859.170,1,644
13858.656,1,643
13858.143,1,650
13857.630,1,645
13857.116,1,649
13856.603,1,640
13856.090,1,634
13855.577,1,643
13855.065,1,633
13854.552,1,645
13854.039,1,630
13853.527,1,637
13853.015,1,639
13852.503,1,633
13851.991,1,627
13851.479,1,630
13850.967,1,619
13850.455,1,636
13849.943,1,630
13849.432,1,628
13848.920,1,626
13848.409,1,619
13847.898,1,623
13847.387,1,622
13846.876,1,622
13846.365,1,610
13845.854,1,626
13845.344,1,615
13844.833,1,621
13844.323,1,623
13843.813,1,620
13843.302,1,607
13842.792,1,618
13842.282,1,608
13841.773,1,607
13841.263,1,606
13840.753,1,613
13840.244,1,618
13839.734,1,608
13839.225,1,610
13838.716,1,615
13838.207,1,603
13837.698,1,606
13837.189,1,608
13836.681,1,605
13836.172,1,601
13835.663,1,603
13835.155,1,603
13834.647,1,601
13834.139,1,598
13833.631,1,603
13833.123,1,590
13832.615,1,595
13832.107,1,601
13831.600,1,594
13831.092,1,599
13830.585,1,599
13830.078,1,594
13829.570,1,601
13829.063,1,593
13828.557,1,601
13828.050,1,595
13827.543,1,597
13827.036,1,600
13826.530,1,593
13826.024,1,595
13825.517,1,593
13825.011,1,587
13824.505,1,583
13823.999,1,594
13823.494,1,600
13822.988,1,593
13822.482,1,583
13821.977,1,592
13821.471,1,592
13820.966,1,578
13820.461,1,583
13819.956,1,592
13819.451,1,578
13818.946,1,586
13818.442,1,585
13817.937,1,589
13817.433,1,578
13816.928,1,588
13816.424,1,591
13815.920,1,580
13815.416,1,583
13814.912,1,581
13814.408,1,581
13813.904,1,580
13813.401,1,576
13812.897,1,586
13812.394,1,580
13811.891,1,583
13811.388,1,581
13810.885,1,582
13810.382,1,582
13809.879,1,587
13809.376,1,569
13808.874,1,572
13808.371,1,572
13807.869,1,578
13807.367,1,571
13806.865,1,574
13806.362,1,571
13805.861,1,574
13805.359,1,573
13804.857,1,572
13804.356,1,576
13803.854,1,574
13803.353,1,571
13802.851,1,582
13802.350,1,571
13801.849,1,573
13801.348,1,573
13800.848,1,579
13800.347,1,568
13799.846,1,569
13799.346,1,571
13798.845,1,563
13798.345,1,568
13797.845,1,567
13797.345,1,569
13796.845,1,563
13796.345,1,568
13795.846,1,578
13795.346,1,568
13794.847,1,573
13794.347,1,574
13793.848,1,570
13793.349,1,574
13792.850,1,574
13792.351,1,569
13791.852,1,568
13791.353,1,573
13790.855,1,575
13790.356,1,560
13789.858,1,571
13789.360,1,567
13788.861,1,562
13788.363,1,563
13787.865,1,569
13787.368,1,569
13786.870,1,567
13786.372,1,562
13785.875,1,565
13785.377,1,567
13784.880,1,567
13784.383,1,566
13783.886,1,565
13783.389,1,559
13782.892,1,553
13782.395,1,556
13781.899,1,570
13781.402,1,564
13780.906,1,557
13780.410,1,562
13779.913,1,561
13779.417,1,562
13778.921,1,555
13778.425,1,558
13777.930,1,561
13777.434,1,555
13776.939,1,557
13776.443,1,558
13775.948,1,550
13775.453,1,548
13774.958,1,555
13774.463,1,553
13773.968,1,543
13773.473,1,550
13772.978,1,541
13772.484,1,542
13771.989,1,543
13771.495,1,540
13771.001,1,553
13770.507,1,543
13770.013,1,555
13769.519,1,553
13769.025,1,546
13768.532,1,548
13768.038,1,550
13767.545,1,550
13767.051,1,548
13766.558,1,547
13766.065,1,551
13765.572,1,542
13765.079,1,544
13764.586,1,542
13764.093,1,540
13763.601,1,536
13763.108,1,540
13762.616,1,543
13762.124,1,548
13761.632,1,545
13761.140,1,546
13760.648,1,544
13760.156,1,554
13759.664,1,548
13759.173,1,541
13758.681,1,540
13758.190,1,548
13757.699,1,547
13757.207,1,546
13756.716,1,542
13756.225,1,539
13755.735,1,543
13755.244,1,534
13754.753,1,540
13754.263,1,538
13753.772,1,539
13753.282,1,544
13752.792,1,538
13752.302,1,541
13751.812,1,543
13751.322,1,545
13750.832,1,553
13750.343,1,548
13749.853,1,538
13749.364,1,547
13748.874,1,544
13748.385,1,546
13747.896,1,541
13747.407,1,544
13746.918,1,540
13746.430,1,547
13745.941,1,540
13745.452,1,545
13744.964,1,534
13744.476,1,539
13743.987,1,533
13743.499,1,538
13743.011,1,539
13742.523,1,546
13742.036,1,551
13741.548,1,542
13741.060,1,539
13740.573,1,546
13740.085,1,543
13739.598,1,542
13739.111,1,535
13738.624,1,539
13738.137,1,538
13737.650,1,537
13737.164,1,533
13736.677,1,528
13736.191,1,536
13735.704,1,542
13735.218,1,532
13734.732,1,534
13734.246,1,540
13733.760,1,542
13733.274,1,538
13732.788,1,538
13732.302,1,532
13731.817,1,532
13731.332,1,537
13730.846,1,536
13730.361,1,543
13729.876,1,542
13729.391,1,537
13728.906,1,533
13728.421,1,530
13727.937,1,538
13727.452,1,540
13726.968,1,529
13726.483,1,536
13725.999,1,530
13725.515,1,539
13725.031,1,534
13724.547,1,527
13724.063,1,539
13723.580,1,532
13723.096,1,530
13722.613,1,534
13722.129,1,538
13721.646,1,530
13721.163,1,540
13720.680,1,527
13720.197,1,530
13719.714,1,528
13719.231,1,531
13718.749,1,529
13718.266,1,533
13717.784,1,532
13717.301,1,529
13716.819,1,532
13716.337,1,532
13715.855,1,519
13715.373,1,535
13714.892,1,526
13714.410,1,523
13713.928,1,529
13713.447,1,528
13712.966,1,519
13712.484,1,525
13712.003,1,523
13711.522,1,516
13711.041,1,532
13710.561,1,528
13710.080,1,523
13709.599,1,515
13709.119,1,519
13708.638,1,518
13708.158,1,524
13707.678,1,529
13707.198,1,527
13706.718,1,524
13706.238,1,525
13705.758,1,533
13705.279,1,531
13704.799,1,517
13704.320,1,523
13703.841,1,526
13703.361,1,534
13702.882,1,525
13702.403,1,527
13701.924,1,530
13701.446,1,528
13700.967,1,533
13700.488,1,529
13700.010,1,530
13699.532,1,514
13699.053,1,535
13698.575,1,527
13698.097,1,519
13697.619,1,532
13697.142,1,518
13696.664,1,525
13696.186,1,525
13695.709,1,532
13695.231,1,524
13694.754,1,519
13694.277,1,523
13693.800,1,526
13693.323,1,526
13692.846,1,519
13692.369,1,529
13691.893,1,522
13691.416,1,521
13690.940,1,521
13690.463,1,521
13689.987,1,534
13689.511,1,527
13689.035,1,521
13688.559,1,527
13688.083,1,524
13687.608,1,523
13687.132,1,526
13686.657,1,518
13686.181,1,525
13685.706,1,524
13685.231,1,518
13684.756,1,529
13684.281,1,522
13683.806,1,524
13683.331,1,530
13682.857,1,531
13682.382,1,520
13681.908,1,525
13681.433,1,519
13680.959,1,521
13680.485,1,523
13680.011,1,532
13679.537,1,527
13679.064,1,522
13678.590,1,526
13678.116,1,524
13677.643,1,523
13677.169,1,525
13676.696,1,516
13676.223,1,529
13675.750,1,522
13675.277,1,524
13674.804,1,518
13674.332,1,523
13673.859,1,525
13673.386,1,515
13672.914,1,512
13672.442,1,509
13671.970,1,521
13671.497,1,515
13671.025,1,523
13670.554,1,523
13670.082,1,517
13669.610,1,521
13669.139,1,517
13668.667,1,519
13668.196,1,519
13667.725,1,524
13667.253,1,515
13666.782,1,519
13666.311,1,517
13665.841,1,514
13665.370,1,521
13664.899,1,519
13664.429,1,514
13663.958,1,528
13663.488,1,522
13663.018,1,517
13662.548,1,521
13662.078,1,526
13661.608,1,521
13661.138,1,526
13660.668,1,511
13660.199,1,529
13659.729,1,523
13659.260,1,518
13658.791,1,514
13658.322,1,518
13657.853,1,516
13657.384,1,522
13656.915,1,515
13656.446,1,517
13655.978,1,511
13655.509,1,520
13655.041,1,517
13654.572,1,527
13654.104,1,519
13653.636,1,512
13653.168,1,517
13652.700,1,515
13652.232,1,514
13651.765,1,519
13651.297,1,516
13650.830,1,518
13650.362,1,508
13649.895,1,513
13649.428,1,517
13648.961,1,518
13648.494,1,520
13648.027,1,520
13647.560,1,519
13647.094,1,515
13646.627,1,513
13646.161,1,517
13645.694,1,520
13645.228,1,521
13644.762,1,513
13644.296,1,521
13643.830,1,511
13643.364,1,514
13642.899,1,519
13642.433,1,524
13641.968,1,522
13641.502,1,516
13641.037,1,525
13640.572,1,521
13640.107,1,519
13639.642,1,512
13639.177,1,511
13638.712,1,515
13638.248,1,523
13637.783,1,517
13637.319,1,517
